0 0.571850 0.085740 0.113020 0.075120
0 0.223670 0.117690 0.151340 0.081530
0 0.280200 0.323960 0.163470 0.087890
0 0.411400 0.429480 0.131150 0.075120
0 0.832230 0.279970 0.149320 0.079930
1 0.561730 0.240010 0.254290 0.211030
1 0.856440 0.442250 0.209890 0.238180
1 0.385170 0.616530 0.268440 0.251000
1 0.216620 0.499840 0.217940 0.279790
1 0.224670 0.242440 0.226050 0.164660
2 0.839280 0.754040 0.215930 0.148680
2 0.462850 0.943470 0.153400 0.095900
2 0.248890 0.814790 0.177620 0.113480
2 0.644500 0.566170 0.108950 0.083130
